0.233558 -0.260753
-0.632848 0.400015
-0.08505 0.0783768
-0.696856 0.484131
-0.330273 0.294089
0.322187 -0.349309
2.6435 -2.76394
2.65611 -2.78513
-1.07852 1.05767
2.44273 -2.53239
-0.0293202 0.0262203
-0.908776 0.86885
1.29105 -1.37549
-0.631766 0.398964
-0.041462 0.0376057
-0.0375467 0.0331559
0.00367396 -0.00521494
-1.22238 1.02566
-1.30385 1.29122
-0.75062 0.539447
1.20478 -1.27518
-0.646176 0.418029
-0.72012 0.671037
-0.00742502 0.00575742
0.251248 -0.280093
0.77579 -0.824609
-0.283117 0.258502
1.29459 -1.36429
-0.0876114 0.0795427
0.430047 -0.476583
2.64309 -2.74781
-0.914771 0.88609
-1.07338 1.04683
-0.087786 0.0824568
-1.19848 1.11189
1.62552 -1.67661
